num crossings	time (s)	maj axis (mm)	min axis (mm)	theta (rad )	slope (V/s)
7953	10158.796761	71.485629	36.346461	3.515426	8.335351
7955	10160.879263	71.319373	36.015169	3.526384	9.838352
7957	10162.953387	71.445177	35.659331	3.536446	9.986486
7959	10165.028996	71.494228	35.300161	3.546578	12.183610
7963	10169.179852	71.595360	34.566707	3.561995	12.030987
7965	10171.255547	71.811191	34.180547	3.571414	14.713931
7967	10173.332395	71.639380	33.811474	3.579350	14.756233
7969	10175.408083	71.665837	33.426772	3.587375	15.838066
7973	10179.559666	71.580320	32.690570	3.602173	16.250300
7975	10181.633342	71.888854	32.305067	3.612893	18.014762
7977	10183.708466	71.879615	31.933600	3.619434	17.782305
7979	10185.782455	71.692821	31.562352	3.625121	18.697396
7983	10189.934359	71.641815	30.830264	3.639985	20.691609
7985	10192.008563	71.787702	30.468216	3.646739	22.365833
7987	10194.085590	71.911187	30.097317	3.654976	24.594311
7989	10196.162090	71.914383	29.716700	3.661146	25.743441
7993	10200.310096	71.908544	28.918181	3.671394	29.987724
7995	10202.384990	71.933728	28.538632	3.676322	30.355109
7997	10204.459477	71.983501	28.123333	3.681895	31.615512
7999	10206.534818	71.827133	27.745329	3.685307	32.441668
8001	10208.610305	71.978792	27.391019	3.691901	33.841955
8005	10212.759124	71.961087	26.653368	3.703335	34.638634
8007	10214.833551	71.789313	26.276469	3.708001	33.338081
8009	10216.906634	71.966440	25.932105	3.714360	37.593765
8011	10218.980417	71.666848	25.564393	3.717907	37.309611
8013	10221.055994	71.812170	25.235080	3.724391	40.711962
8017	10225.205933	71.595203	24.501397	3.733644	42.678575
8019	10227.279476	71.778014	24.113088	3.737116	42.848526
8021	10229.353920	71.652174	23.734404	3.740490	45.367283
8023	10231.428134	71.709219	23.372084	3.743892	48.199826
8025	10233.501715	71.632623	23.002496	3.747370	48.784966
8029	10237.651053	71.462344	22.295120	3.754509	50.621231
8031	10239.725625	71.552036	21.951545	3.757774	51.721183
8033	10241.799484	71.446596	21.616238	3.762253	51.706633
8035	10243.872758	71.447472	21.282194	3.766726	52.426239
8037	10245.946689	71.388609	20.949358	3.770732	52.028820
8041	10250.094380	71.200534	20.305246	3.778694	55.681807
8043	10252.168838	71.038402	19.933217	3.781971	56.202578
8045	10254.243052	71.123730	19.643945	3.785862	57.307077
8047	10256.317017	70.972337	19.246318	3.788596	58.564898
8049	10258.391217	70.991168	18.922322	3.790930	59.910734
8053	10262.538107	70.771525	18.243154	3.795613	61.470619
8055	10264.612031	70.811495	17.903122	3.797798	61.465919
8057	10266.686234	70.668565	17.576234	3.801129	61.527561
8059	10268.760417	70.509071	17.290622	3.802516	63.766156
8061	10270.834110	70.505196	16.941216	3.805444	63.917954
8063	10272.907824	70.442022	16.651116	3.808333	63.886090
8065	10274.981358	70.358711	16.349293	3.811967	62.331758
8067	10277.054578	70.213725	16.047588	3.815195	64.385000
8071	10281.201827	69.985817	15.483995	3.820113	64.509481
8073	10283.275764	69.843547	15.163551	3.824126	66.270145
8075	10285.350158	69.845923	14.840073	3.825156	66.274279
8077	10287.423433	69.750971	14.507578	3.826965	66.684893
8079	10289.497176	69.678299	14.196599	3.828768	66.557948
8083	10293.643922	69.469362	13.579941	3.832184	66.678753
8085	10295.717530	69.336965	13.261183	3.833994	68.829983
8087	10297.791242	69.278840	12.965199	3.834822	66.374142
8089	10299.865041	69.202060	12.678372	3.836584	66.134258
8091	10301.939270	69.090640	12.410022	3.838460	66.830729
8093	10304.012297	68.980248	12.136728	3.840676	69.265925
8095	10306.085273	68.888846	11.863960	3.843030	68.320240
8097	10308.158592	68.728580	11.588766	3.845282	67.684583
8099	10310.231792	68.567643	11.311214	3.846917	65.287666
8103	10314.379353	68.379995	10.738269	3.850382	64.103757
8105	10316.452936	68.248317	10.457197	3.852013	64.288664
8107	10318.526712	68.166511	10.173869	3.853111	65.967750
8109	10320.599590	68.025518	9.881422	3.853816	65.744220
8111	10322.673278	67.963756	9.587392	3.854248	65.437594
8113	10324.746765	67.825239	9.310098	3.855303	66.627619
8115	10326.820002	67.703224	9.049527	3.855954	64.177715
8117	10328.893608	67.601165	8.786752	3.857177	66.289835
8119	10330.967107	67.510020	8.509726	3.858172	63.231338
8121	10333.040478	67.361471	8.273317	3.860042	65.440743
8123	10335.113855	67.306778	8.030287	3.861839	64.627953
8125	10337.186653	67.131404	7.763196	3.863031	65.129201
8127	10339.259889	67.008774	7.537415	3.864492	63.964835
8129	10341.333408	66.812510	7.294907	3.866267	64.242725
8131	10343.406580	66.727945	7.061322	3.867577	65.323180
8133	10345.480314	66.645098	6.816574	3.868211	65.826862
8135	10347.554105	66.437295	6.562282	3.869194	64.609565
8137	10349.627237	66.407964	6.296900	3.869592	61.611179
8139	10351.700401	66.253897	6.055461	3.869495	63.915890
8141	10353.773423	66.084986	5.797576	3.870058	63.932263
8143	10355.847439	65.975797	5.552488	3.869940	62.972608
8145	10357.920177	65.869884	5.320473	3.870694	61.574128
8147	10359.994346	65.722278	5.085414	3.871271	64.748824
8149	10362.067367	65.666525	4.859301	3.872026	59.953592
8151	10364.140469	65.497046	4.637213	3.873390	62.118116
8153	10366.213234	65.281733	4.428553	3.875026	62.695774
8155	10368.286180	65.258317	4.193325	3.874836	60.671888
8157	10370.359130	65.108340	3.974525	3.875859	61.961123
8159	10372.432546	64.936608	3.745297	3.876527	62.516816
8161	10374.506085	64.857707	3.517488	3.876998	61.689939
8163	10376.579713	64.753720	3.289224	3.877222	59.812253
8165	10378.652802	64.626883	3.058382	3.877369	60.441046
8167	10380.726189	64.446877	2.829315	3.876833	59.696631
8169	10382.799259	64.352508	2.600127	3.876281	60.915020
8171	10384.872114	64.227051	2.363974	3.875893	59.625790
8173	10386.945426	64.117115	2.157957	3.876022	59.365549
8175	10389.019198	63.953321	1.928305	3.876159	59.936366
8177	10391.092187	63.805381	1.717698	3.876008	60.212484
8179	10393.165731	63.719163	1.502924	3.876496	59.532493
8181	10395.238513	63.571153	1.293346	3.876527	59.116905
8183	10397.311327	63.486324	1.081745	3.877484	58.766014
8185	10399.384254	63.320283	0.878456	3.877864	57.946370
8187	10401.457436	63.190941	0.677534	3.878025	55.780253
8189	10403.530832	62.999675	0.465337	3.878108	57.168405
8191	10405.603987	62.918485	0.261203	3.878293	56.591383
8193	10407.677540	62.814729	0.047182	3.878018	58.114613
8195	10409.750398	62.639186	-0.172254	3.878022	58.381327
8197	10411.824256	62.536045	-0.374764	3.877712	57.485258
8199	10413.897159	62.415773	-0.576027	3.876892	57.004835
8201	10415.969997	62.237045	-0.777084	3.876762	56.284401
8203	10418.043257	62.115038	-0.982372	3.876539	57.140178
8205	10420.116253	62.010809	-1.183885	3.876344	53.970479
8207	10422.189347	61.837511	-1.385963	3.876150	53.713453
8209	10424.262463	61.764153	-1.570106	3.876281	56.438198
8211	10426.335223	61.594536	-1.766961	3.876408	54.946520
8213	10428.407961	61.491927	-1.956829	3.876869	53.900525
8215	10430.481400	61.215906	-2.150739	3.876975	54.031976
8217	10432.554333	61.170773	-2.340819	3.876488	53.967306
8219	10434.627631	61.061165	-2.520423	3.876303	52.746755
8221	10436.701130	60.916165	-2.696471	3.875667	53.225899
8223	10438.773754	60.807593	-2.867673	3.875078	55.229696
8225	10440.847689	60.662608	-3.086171	3.874429	53.159074
8227	10442.920258	60.524905	-3.279875	3.873713	52.600257
8229	10444.993063	60.423327	-3.462876	3.872135	52.509005
8231	10447.066380	60.237090	-3.640249	3.871479	53.187772
8233	10449.139502	60.120883	-3.841932	3.870508	52.837683
8235	10451.213139	59.987470	-4.037100	3.870272	49.859633
8237	10453.285853	59.867303	-4.223940	3.869614	52.565275
8239	10455.358696	59.745494	-4.410662	3.869689	51.285260
8241	10457.431245	59.563040	-4.602101	3.869333	51.625398
8243	10459.504005	59.449804	-4.780202	3.869145	51.554092
