num crossings	time (s)	maj axis (mm)	min axis (mm)	theta (rad )	slope (V/s)
4259	6205.407193	69.152664	14.698400	2.607646	65.974563
4261	6207.479713	68.964075	14.828741	2.610796	64.308738
4263	6209.555469	68.789679	14.910788	2.612956	65.280754
4265	6211.630281	68.527213	14.999966	2.616478	60.947473
4269	6215.781906	68.082198	15.144203	2.625309	60.409524
4271	6217.858989	68.121104	15.450202	2.630511	62.696129
4273	6219.932718	68.042816	15.616282	2.633816	62.288193
4275	6222.006756	67.901654	15.734275	2.636679	61.913952
4279	6226.156213	67.423397	15.870030	2.642830	59.500933
4281	6228.231055	67.215805	16.041313	2.645927	60.598194
4283	6230.306991	67.037524	16.161729	2.648360	58.755415
4285	6232.380297	66.961528	16.265249	2.652781	55.073997
4287	6234.454055	66.902527	16.434462	2.658280	56.024868
4291	6238.601345	66.468107	16.534701	2.667384	56.587152
4293	6240.674874	66.350756	16.695498	2.670981	52.783578
4295	6242.750139	66.118578	16.766087	2.673846	55.579154
4297	6244.825429	65.936472	16.891114	2.678038	52.375467
4299	6246.901912	65.744176	16.992782	2.683189	54.162233
4303	6251.053602	65.546184	17.166794	2.693879	52.914406
4305	6253.127798	65.456391	17.321944	2.697476	52.561916
4307	6255.201865	65.270613	17.382641	2.701075	53.556856
4309	6257.276938	65.047523	17.449919	2.704546	52.157533
4311	6259.351643	64.820702	17.507531	2.707967	51.151938
4315	6263.502039	64.584396	17.621939	2.715401	51.041188
4317	6265.575013	64.527358	17.765070	2.720528	49.481995
4319	6267.649412	64.374633	17.858750	2.725949	49.927890
4321	6269.722553	64.231443	17.909467	2.731087	49.817225
4325	6273.871111	63.791210	17.894375	2.737904	47.665570
4327	6275.946589	63.646127	18.051216	2.742852	46.012703
4329	6278.023385	63.504616	18.168608	2.748672	47.297081
4331	6280.099343	63.390559	18.241055	2.754848	47.520948
4333	6282.174984	63.312126	18.302108	2.760029	46.947220
4337	6286.324438	63.046356	18.378843	2.768301	47.625622
4339	6288.398318	62.895157	18.471623	2.772177	46.034053
4341	6290.474124	62.768324	18.515786	2.776727	47.481414
4343	6292.549108	62.577568	18.538887	2.779840	46.194674
4345	6294.624463	62.478067	18.601270	2.784131	44.709517
4349	6298.772276	62.291867	18.705618	2.795340	43.672219
4351	6300.845168	62.152250	18.723057	2.800554	43.196482
4353	6302.919706	62.004226	18.754869	2.805336	43.496834
4357	6307.070479	61.564487	18.691113	2.813950	43.259258
4359	6309.146666	61.488403	18.827207	2.820430	42.470170
4361	6311.223383	61.383424	18.848874	2.826668	42.883665
4363	6313.297940	61.346137	18.903134	2.833376	44.428451
4367	6317.447978	61.023086	18.844752	2.840388	42.124141
4369	6319.522596	60.876420	18.958454	2.845587	43.226701
4371	6321.597582	60.774543	18.944478	2.849543	41.985328
4373	6323.673122	60.643541	18.952558	2.854179	41.548562
4377	6327.822509	60.404225	18.928685	2.863676	40.864666
4379	6329.896322	60.308771	18.953003	2.869591	39.642412
4381	6331.970017	60.205018	18.958372	2.875023	40.025271
4383	6334.044238	60.058766	18.938071	2.880613	40.354244
4385	6336.119529	59.898543	18.910985	2.884929	40.266901
4389	6340.271114	59.583105	18.815645	2.895685	39.037814
4391	6342.347064	59.577313	18.911193	2.902640	41.237176
4393	6344.421905	59.518008	18.905791	2.908146	39.658067
4397	6348.571644	59.251579	18.787592	2.916979	40.652863
4399	6350.646543	59.153427	18.829585	2.921988	40.190363
4401	6352.722618	59.018761	18.786044	2.926084	40.517167
4403	6354.796710	58.894047	18.751950	2.929967	39.357023
4407	6358.946336	58.726156	18.698550	2.940344	38.693367
4409	6361.019991	58.659439	18.658222	2.945850	37.741738
4411	6363.094357	58.525605	18.641426	2.951190	38.652672
4415	6367.243293	58.224729	18.502204	2.960740	37.946005
4417	6369.319670	58.121820	18.489889	2.966227	38.991094
4419	6371.395487	58.004205	18.433552	2.972543	39.301863
4421	6373.471334	57.946799	18.386074	2.977989	39.495675
4423	6375.546188	57.902907	18.345931	2.983006	40.135576
4427	6379.694859	57.702140	18.235809	2.992169	37.918821
4429	6381.770553	57.581679	18.178107	2.996342	39.132814
4431	6383.845139	57.488889	18.084742	3.000243	39.460079
4433	6385.921015	57.361763	18.058162	3.004367	38.222396
4435	6387.994562	57.338292	17.988391	3.008927	38.323367
4439	6392.143032	57.092847	17.813519	3.018815	37.940121
4441	6394.216941	57.038812	17.788851	3.024227	38.412924
4443	6396.291011	56.902175	17.719417	3.028769	37.310421
4445	6398.366867	56.792854	17.642351	3.033511	37.592448
4447	6400.442430	56.683762	17.555959	3.038986	37.023165
4451	6404.592976	56.523385	17.334360	3.049660	39.457110
4453	6406.668427	56.475226	17.291731	3.054756	38.221804
4455	6408.742367	56.430879	17.192955	3.058323	39.312597
4459	6412.891860	56.195582	16.989017	3.066033	39.657309
4461	6414.967490	56.107488	16.926370	3.069889	38.810650
4463	6417.041554	56.056395	16.844721	3.073693	39.245508
4465	6419.116614	55.963132	16.743387	3.077827	39.833764
4469	6423.263759	55.781815	16.537993	3.087130	38.098490
4471	6425.338253	55.705004	16.440866	3.091827	37.960302
4473	6427.413002	55.587120	16.361476	3.096229	37.458623
4475	6429.488037	55.504407	16.241302	3.101102	39.125131
4477	6431.563732	55.439944	16.141773	3.106106	37.459353
4481	6435.713263	55.262128	15.879020	3.115166	39.469484
4483	6437.787949	55.257865	15.807261	3.119479	39.244212
4485	6439.862824	55.157618	15.687149	3.123347	39.524233
4487	6441.936839	55.090123	15.571490	3.126839	40.327780
4489	6444.012496	54.967010	15.451903	3.129902	39.424847
4491	6446.086284	54.869925	15.358716	3.133315	39.902329
4493	6448.161593	54.799367	15.255804	3.136801	39.076311
4497	6452.309360	54.624395	15.032588	3.144644	39.583290
4499	6454.382963	54.605895	14.898471	3.148672	38.347532
4501	6456.458075	54.447633	14.788473	3.153000	39.027938
4503	6458.532058	54.370616	14.671034	3.157049	38.871877
4505	6460.607983	54.272665	14.536210	3.160968	39.866704
4509	6464.757869	54.130882	14.237614	3.169575	40.239054
4511	6466.831777	54.039899	14.141772	3.173700	39.922414
4513	6468.906192	53.975970	14.007114	3.176691	39.372823
4515	6470.980159	53.933982	13.875859	3.179588	39.396296
4517	6473.054948	53.850026	13.759068	3.182324	40.835773
4519	6475.129467	53.750833	13.634529	3.185198	38.859688
4523	6479.277670	53.595843	13.395590	3.190841	38.410314
4525	6481.352071	53.538806	13.271723	3.193968	39.601347
4527	6483.425689	53.456966	13.141433	3.197563	39.174885
4529	6485.499188	53.378552	12.989442	3.201249	39.910585
4531	6487.574359	53.222404	12.867962	3.204818	39.116765
4533	6489.649039	53.175811	12.729638	3.207977	38.690539
4537	6493.798409	53.021099	12.464906	3.215458	39.910955
4539	6495.872434	52.964960	12.322555	3.218797	39.401102
4541	6497.946843	52.921629	12.196277	3.221495	39.716567
4543	6500.021051	52.841916	12.060979	3.224244	40.115137
4545	6502.095553	52.757705	11.929869	3.226685	38.763401
4549	6506.244098	52.575867	11.665341	3.230725	39.694769
4551	6508.318204	52.503610	11.541889	3.233297	37.349612
4553	6510.392285	52.467746	11.415691	3.235793	38.934825
4555	6512.466278	52.351113	11.287520	3.238372	39.054176
4557	6514.539485	52.288069	11.156863	3.241092	38.247320
