crossing time (s)	slope (V/s)	crossing number
281474976710655.000000	31.530949	6825	0.000000
281474976710655.000000	24.981535	6826	0.000000
281474976710655.000000	30.859118	6827	0.000000
281474976710655.000000	36.066502	6828	0.000000
281474976710655.000000	36.452049	6829	0.000000
281474976710655.000000	23.247602	6830	0.000000
281474976710655.000000	43.590725	6831	0.000000
281474976710655.000000	22.874109	6832	0.000000
281474976710655.000000	33.072926	6833	0.000000
281474976710655.000000	25.988401	6834	0.000000
281474976710655.000000	31.367687	6835	0.000000
281474976710655.000000	24.728695	6836	0.000000
281474976710655.000000	31.769878	6837	0.000000
281474976710655.000000	25.603989	6838	0.000000
281474976710655.000000	34.266594	6839	0.000000
281474976710655.000000	21.076271	6840	0.000000
281474976710655.000000	32.937668	6841	0.000000
281474976710655.000000	28.183765	6842	0.000000
281474976710655.000000	30.687773	6843	0.000000
281474976710655.000000	24.882774	6844	0.000000
281474976710655.000000	37.322002	6845	0.000000
281474976710655.000000	21.204412	6846	0.000000
281474976710655.000000	37.434673	6847	0.000000
281474976710655.000000	25.625652	6848	0.000000
281474976710655.000000	34.157646	6849	0.000000
281474976710655.000000	24.921677	6850	0.000000
281474976710655.000000	35.397526	6851	0.000000
281474976710655.000000	25.263664	6852	0.000000
281474976710655.000000	38.938335	6853	0.000000
281474976710655.000000	26.758018	6854	0.000000
281474976710655.000000	37.915489	6855	0.000000
281474976710655.000000	25.324160	6856	0.000000
281474976710655.000000	31.884439	6857	0.000000
281474976710655.000000	23.819193	6858	0.000000
281474976710655.000000	28.337051	6859	0.000000
281474976710655.000000	20.219053	6860	0.000000
281474976710655.000000	39.071026	6861	0.000000
281474976710655.000000	22.024544	6862	0.000000
281474976710655.000000	34.116516	6863	0.000000
281474976710655.000000	21.950991	6864	0.000000
281474976710655.000000	28.259964	6865	0.000000
281474976710655.000000	20.597252	6866	0.000000
281474976710655.000000	32.082935	6867	0.000000
281474976710655.000000	23.869736	6868	0.000000
281474976710655.000000	25.914156	6869	0.000000
281474976710655.000000	23.990393	6870	0.000000
281474976710655.000000	28.650808	6871	0.000000
281474976710655.000000	21.763969	6872	0.000000
281474976710655.000000	25.450106	6873	0.000000
281474976710655.000000	22.375166	6874	0.000000
281474976710655.000000	33.872753	6875	0.000000
281474976710655.000000	22.665928	6876	0.000000
281474976710655.000000	31.467590	6877	0.000000
281474976710655.000000	23.648579	6878	0.000000
281474976710655.000000	35.713310	6879	0.000000
281474976710655.000000	23.085320	6880	0.000000
281474976710655.000000	28.872375	6881	0.000000
281474976710655.000000	23.428938	6882	0.000000
281474976710655.000000	27.130690	6883	0.000000
281474976710655.000000	23.147713	6884	0.000000
281474976710655.000000	25.261837	6885	0.000000
281474976710655.000000	21.552425	6886	0.000000
281474976710655.000000	25.249413	6887	0.000000
281474976710655.000000	21.974899	6888	0.000000
281474976710655.000000	24.732393	6889	0.000000
281474976710655.000000	20.199575	6890	0.000000
281474976710655.000000	28.736841	6891	0.000000
281474976710655.000000	20.462624	6892	0.000000
281474976710655.000000	32.854744	6893	0.000000
281474976710655.000000	20.948351	6894	0.000000
281474976710655.000000	29.915771	6895	0.000000
281474976710655.000000	19.513004	6896	0.000000
281474976710655.000000	27.410582	6897	0.000000
281474976710655.000000	21.726320	6898	0.000000
281474976710655.000000	26.763918	6899	0.000000
281474976710655.000000	21.726786	6900	0.000000
281474976710655.000000	34.229336	6901	0.000000
281474976710655.000000	20.074350	6902	0.000000
281474976710655.000000	26.191633	6903	0.000000
281474976710655.000000	21.439350	6904	0.000000
281474976710655.000000	24.667330	6905	0.000000
281474976710655.000000	20.237926	6906	0.000000
281474976710655.000000	29.524672	6907	0.000000
281474976710655.000000	22.975468	6908	0.000000
281474976710655.000000	27.763596	6909	0.000000
281474976710655.000000	23.589272	6910	0.000000
281474976710655.000000	25.880157	6911	0.000000
281474976710655.000000	23.635588	6912	0.000000
281474976710655.000000	27.770895	6913	0.000000
281474976710655.000000	26.393969	6914	0.000000
281474976710655.000000	27.449379	6915	0.000000
281474976710655.000000	23.861343	6916	0.000000
281474976710655.000000	27.378193	6917	0.000000
281474976710655.000000	23.867992	6918	0.000000
281474976710655.000000	26.148462	6919	0.000000
281474976710655.000000	22.582703	6920	0.000000
281474976710655.000000	25.349438	6921	0.000000
281474976710655.000000	23.711094	6922	0.000000
281474976710655.000000	30.424761	6923	0.000000
281474976710655.000000	22.897085	6924	0.000000
281474976710655.000000	32.672493	6925	0.000000
281474976710655.000000	23.838463	6926	0.000000
281474976710655.000000	26.539906	6927	0.000000
281474976710655.000000	24.242682	6928	0.000000
281474976710655.000000	33.947132	6929	0.000000
281474976710655.000000	24.806065	6930	0.000000
281474976710655.000000	26.795544	6931	0.000000
281474976710655.000000	22.971512	6932	0.000000
281474976710655.000000	31.875727	6933	0.000000
281474976710655.000000	26.577766	6934	0.000000
281474976710655.000000	25.944578	6935	0.000000
281474976710655.000000	24.633749	6936	0.000000
281474976710655.000000	32.945740	6937	0.000000
281474976710655.000000	23.321430	6938	0.000000
281474976710655.000000	29.731052	6939	0.000000
281474976710655.000000	29.322189	6940	0.000000
281474976710655.000000	28.457476	6941	0.000000
281474976710655.000000	24.300777	6942	0.000000
281474976710655.000000	29.456842	6943	0.000000
281474976710655.000000	28.707632	6944	0.000000
281474976710655.000000	30.045731	6945	0.000000
281474976710655.000000	25.992430	6946	0.000000
281474976710655.000000	30.144142	6947	0.000000
281474976710655.000000	26.840738	6948	0.000000
281474976710655.000000	27.371721	6949	0.000000
281474976710655.000000	25.038725	6950	0.000000
281474976710655.000000	33.091225	6951	0.000000
281474976710655.000000	26.790382	6952	0.000000
281474976710655.000000	32.260326	6953	0.000000
281474976710655.000000	26.712904	6954	0.000000
281474976710655.000000	33.810146	6955	0.000000
281474976710655.000000	30.976048	6956	0.000000
281474976710655.000000	29.003878	6957	0.000000
281474976710655.000000	24.410778	6958	0.000000
281474976710655.000000	35.717175	6959	0.000000
281474976710655.000000	29.732134	6960	0.000000
281474976710655.000000	36.477673	6961	0.000000
281474976710655.000000	25.489819	6962	0.000000
281474976710655.000000	27.415865	6963	0.000000
281474976710655.000000	28.241865	6964	0.000000
281474976710655.000000	33.497921	6965	0.000000
281474976710655.000000	25.983582	6966	0.000000
281474976710655.000000	32.343578	6967	0.000000
281474976710655.000000	30.077765	6968	0.000000
281474976710655.000000	26.071714	6969	0.000000
281474976710655.000000	25.371517	6970	0.000000
281474976710655.000000	31.765394	6971	0.000000
281474976710655.000000	31.542513	6972	0.000000
281474976710655.000000	36.461735	6973	0.000000
281474976710655.000000	31.372854	6974	0.000000
281474976710655.000000	35.020878	6975	0.000000
281474976710655.000000	34.941750	6976	0.000000
281474976710655.000000	36.107742	6977	0.000000
281474976710655.000000	31.452765	6978	0.000000
281474976710655.000000	35.576523	6979	0.000000
281474976710655.000000	29.042942	6980	0.000000
281474976710655.000000	36.396469	6981	0.000000
281474976710655.000000	34.199223	6982	0.000000
281474976710655.000000	37.921310	6983	0.000000
281474976710655.000000	32.524033	6984	0.000000
281474976710655.000000	30.740404	6985	0.000000
281474976710655.000000	31.321348	6986	0.000000
281474976710655.000000	38.687672	6987	0.000000
281474976710655.000000	32.258526	6988	0.000000
281474976710655.000000	37.374985	6989	0.000000
281474976710655.000000	35.910908	6990	0.000000
281474976710655.000000	36.426476	6991	0.000000
281474976710655.000000	35.291180	6992	0.000000
281474976710655.000000	28.946587	6993	0.000000
281474976710655.000000	42.448017	6994	0.000000
281474976710655.000000	32.992146	6995	0.000000
281474976710655.000000	35.966972	6996	0.000000
281474976710655.000000	43.137005	6997	0.000000
281474976710655.000000	31.445637	6998	0.000000
281474976710655.000000	30.455627	6999	0.000000
281474976710655.000000	42.239166	7000	0.000000
281474976710655.000000	30.851254	7001	0.000000
281474976710655.000000	41.395664	7002	0.000000
281474976710655.000000	29.110435	7003	0.000000
281474976710655.000000	31.153885	7004	0.000000
281474976710655.000000	32.871124	7005	0.000000
281474976710655.000000	36.876907	7006	0.000000
281474976710655.000000	38.385128	7007	0.000000
281474976710655.000000	33.467739	7008	0.000000
281474976710655.000000	33.558281	7009	0.000000
281474976710655.000000	30.419718	7010	0.000000
281474976710655.000000	32.844128	7011	0.000000
281474976710655.000000	37.755058	7012	0.000000
281474976710655.000000	34.890629	7013	0.000000
281474976710655.000000	37.990414	7014	0.000000
281474976710655.000000	40.523949	7015	0.000000
281474976710655.000000	37.383450	7016	0.000000
281474976710655.000000	33.695728	7017	0.000000
281474976710655.000000	30.736412	7018	0.000000
281474976710655.000000	32.873352	7019	0.000000
281474976710655.000000	32.934185	7020	0.000000
281474976710655.000000	38.687122	7021	0.000000
281474976710655.000000	41.911987	7022	0.000000
281474976710655.000000	36.922543	7023	0.000000
281474976710655.000000	43.078178	7024	0.000000
281474976710655.000000	47.763954	7025	0.000000
281474976710655.000000	45.124348	7026	0.000000
281474976710655.000000	46.475185	7027	0.000000
281474976710655.000000	39.967503	7028	0.000000
281474976710655.000000	32.876560	7029	0.000000
281474976710655.000000	52.585590	7030	0.000000
281474976710655.000000	50.818237	7031	0.000000
281474976710655.000000	31.246620	7032	0.000000
281474976710655.000000	38.377457	7033	0.000000
281474976710655.000000	51.500622	7034	0.000000
281474976710655.000000	42.552174	7035	0.000000
281474976710655.000000	36.857021	7036	0.000000
281474976710655.000000	39.353043	7037	0.000000
281474976710655.000000	35.523689	7038	0.000000
281474976710655.000000	36.075043	7039	0.000000
281474976710655.000000	34.480576	7040	0.000000
281474976710655.000000	37.365128	7041	0.000000
281474976710655.000000	35.714825	7042	0.000000
281474976710655.000000	44.153320	7043	0.000000
281474976710655.000000	33.875954	7044	0.000000
281474976710655.000000	44.906445	7045	0.000000
281474976710655.000000	34.276779	7046	0.000000
281474976710655.000000	32.908272	7047	0.000000
281474976710655.000000	42.740734	7048	0.000000
281474976710655.000000	40.831505	7049	0.000000
281474976710655.000000	42.654633	7050	0.000000
281474976710655.000000	41.468636	7051	0.000000
281474976710655.000000	42.490875	7052	0.000000
281474976710655.000000	36.061531	7053	0.000000
281474976710655.000000	43.043903	7054	0.000000
281474976710655.000000	37.960026	7055	0.000000
281474976710655.000000	42.867626	7056	0.000000
281474976710655.000000	42.283264	7057	0.000000
281474976710655.000000	30.074780	7058	0.000000
281474976710655.000000	39.765182	7059	0.000000
281474976710655.000000	61.596458	7060	0.000000
281474976710655.000000	36.808380	7061	0.000000
281474976710655.000000	36.517944	7062	0.000000
281474976710655.000000	39.931210	7063	0.000000
281474976710655.000000	49.052212	7064	0.000000
281474976710655.000000	44.653923	7065	0.000000
281474976710655.000000	41.679783	7066	0.000000
281474976710655.000000	39.946297	7067	0.000000
281474976710655.000000	31.468752	7068	0.000000
281474976710655.000000	38.925980	7069	0.000000
281474976710655.000000	53.485241	7070	0.000000
281474976710655.000000	34.976925	7071	0.000000
281474976710655.000000	46.064785	7072	0.000000
281474976710655.000000	53.618320	7073	0.000000
281474976710655.000000	34.636806	7074	0.000000
281474976710655.000000	39.967350	7075	0.000000
281474976710655.000000	41.586273	7076	0.000000
281474976710655.000000	43.308197	7077	0.000000
281474976710655.000000	45.500416	7078	0.000000
281474976710655.000000	53.760826	7079	0.000000
281474976710655.000000	53.821980	7080	0.000000
281474976710655.000000	44.273842	7081	0.000000
281474976710655.000000	35.149105	7082	0.000000
281474976710655.000000	42.987461	7083	0.000000
281474976710655.000000	37.888969	7084	0.000000
281474976710655.000000	33.890812	7085	0.000000
281474976710655.000000	44.418053	7086	0.000000
281474976710655.000000	43.417889	7087	0.000000
281474976710655.000000	38.906139	7088	0.000000
281474976710655.000000	35.461414	7089	0.000000
281474976710655.000000	55.292786	7090	0.000000
281474976710655.000000	35.464790	7091	0.000000
281474976710655.000000	36.867687	7092	0.000000
281474976710655.000000	33.933987	7093	0.000000
281474976710655.000000	40.879486	7094	0.000000
281474976710655.000000	40.057049	7095	0.000000
281474976710655.000000	42.147575	7096	0.000000
281474976710655.000000	41.362392	7097	0.000000
281474976710655.000000	55.725101	7098	0.000000
281474976710655.000000	41.469902	7099	0.000000
281474976710655.000000	35.682278	7100	0.000000
281474976710655.000000	33.461731	7101	0.000000
281474976710655.000000	36.797764	7102	0.000000
281474976710655.000000	41.631073	7103	0.000000
281474976710655.000000	46.811626	7104	0.000000
281474976710655.000000	40.184059	7105	0.000000
281474976710655.000000	40.705490	7106	0.000000
281474976710655.000000	34.137428	7107	0.000000
281474976710655.000000	42.268200	7108	0.000000
281474976710655.000000	40.386162	7109	0.000000
281474976710655.000000	40.884686	7110	0.000000
281474976710655.000000	39.418205	7111	0.000000
281474976710655.000000	53.485950	7112	0.000000
281474976710655.000000	53.773865	7113	0.000000
281474976710655.000000	36.302223	7114	0.000000
281474976710655.000000	45.942833	7115	0.000000
281474976710655.000000	37.059189	7116	0.000000
281474976710655.000000	50.712395	7117	0.000000
281474976710655.000000	36.823765	7118	0.000000
281474976710655.000000	55.152260	7119	0.000000
