num crossings	time (s)	maj axis (mm)	min axis (mm)	theta (rad )	slope (V/s)
4965	6947.770014	64.306669	18.912128	-0.422203	50.717938
4967	6949.841828	63.934685	18.999909	-0.412426	50.666897
4969	6951.918525	63.909673	19.097585	-0.404799	51.688005
4973	6956.070782	63.706033	19.219489	-0.396469	46.656202
4975	6958.143288	63.602405	19.198242	-0.392427	48.519561
4977	6960.218845	63.609514	19.239798	-0.388120	49.008108
4979	6962.291619	63.452335	19.329853	-0.382893	46.447264
4981	6964.364547	63.223569	19.407686	-0.375389	47.373532
4985	6968.514812	62.599277	19.520241	-0.368526	49.655246
4987	6970.591565	62.698902	19.424934	-0.366633	50.799599
4989	6972.668219	62.651833	19.510664	-0.361643	46.967636
4991	6974.741389	62.534128	19.549573	-0.354287	47.514388
4993	6976.816446	62.468137	19.615069	-0.348460	46.864130
4997	6980.965302	62.147528	19.672159	-0.337379	46.620202
4999	6983.039634	61.993052	19.721061	-0.333066	46.728089
5001	6985.112619	61.893452	19.750737	-0.331665	46.143903
5003	6987.184172	61.644918	19.773153	-0.330044	44.465899
5005	6989.258831	61.547473	19.770251	-0.322809	46.975684
5007	6991.336035	61.409430	19.800103	-0.314725	44.547764
5009	6993.412214	61.408194	19.807822	-0.307990	43.051768
5013	6997.561672	61.236604	19.880844	-0.298665	43.803792
5015	6999.635000	61.126112	19.894773	-0.293200	42.000011
5017	7001.708245	60.993222	19.891986	-0.286494	44.534595
5019	7003.782010	60.746914	19.848921	-0.280216	43.738401
5021	7005.857541	60.482308	19.809822	-0.277557	44.528573
5025	7010.011989	60.373683	19.909842	-0.271410	44.266325
5027	7012.086501	60.368276	19.865977	-0.264714	41.591834
5029	7014.161072	60.269623	19.850593	-0.257918	42.961339
5031	7016.235559	60.197692	19.840878	-0.251987	43.716989
5035	7020.382090	59.896898	19.845583	-0.244303	40.640812
5037	7022.454655	59.848492	19.772891	-0.241369	42.825300
5039	7024.528760	59.607907	19.789075	-0.236534	41.272493
5041	7026.605273	59.511713	19.800816	-0.228261	41.263111
5043	7028.680867	59.452937	19.787633	-0.221379	40.425042
5047	7032.830405	59.303558	19.747513	-0.209624	39.999410
5049	7034.904051	59.164052	19.703421	-0.204691	40.070107
5051	7036.978388	59.031114	19.696773	-0.198110	40.650930
5053	7039.052078	58.814189	19.590326	-0.193062	39.473019
5057	7043.205413	58.532107	19.593385	-0.188258	39.993813
5059	7045.281640	58.575316	19.497077	-0.183257	40.252796
5061	7047.356742	58.547245	19.453878	-0.176764	41.152782
5063	7049.430764	58.432175	19.411776	-0.170484	40.498083
5065	7051.505585	58.285230	19.350167	-0.165043	41.158733
5069	7055.650643	58.161641	19.233596	-0.158944	41.265035
5071	7057.724323	58.013655	19.182723	-0.154276	41.108040
5073	7059.799928	57.855915	19.148962	-0.147543	38.991274
5075	7061.875085	57.797002	19.079838	-0.139947	39.240858
5079	7066.025484	57.646049	19.006495	-0.128545	38.783310
5081	7068.099111	57.621514	18.905958	-0.122519	38.144430
5083	7070.173562	57.436126	18.834027	-0.117011	38.986660
5085	7072.247861	57.244277	18.739028	-0.111981	39.306924
5087	7074.323879	57.075570	18.663862	-0.109169	39.565081
5091	7078.476970	57.000997	18.501002	-0.102754	40.705671
5093	7080.550925	57.024013	18.468759	-0.096992	39.179592
5095	7082.626354	56.950515	18.396513	-0.091565	40.223340
5097	7084.699876	56.873656	18.298887	-0.086950	39.396696
5101	7088.845660	56.688094	18.125786	-0.080075	39.754681
5103	7090.919021	56.517592	18.033880	-0.075255	37.783315
5105	7092.994909	56.421282	17.963086	-0.068353	38.228628
5107	7095.070192	56.363383	17.872450	-0.061980	37.970269
5111	7099.219740	56.133002	17.690077	-0.050158	37.420273
5113	7101.293634	56.180731	17.597715	-0.045886	37.915303
5115	7103.367234	55.971779	17.506562	-0.040633	38.200641
5117	7105.442639	55.841321	17.397870	-0.037337	39.237142
5121	7109.594560	55.718245	17.237634	-0.032207	39.168412
5123	7111.670276	55.717665	17.132987	-0.027171	38.888111
5125	7113.744792	55.687684	17.012758	-0.022254	40.311455
5127	7115.818574	55.578271	16.905945	-0.017708	38.862803
5129	7117.891527	55.538449	16.790889	-0.014096	38.424120
5133	7122.037920	55.297670	16.659530	-0.007827	39.010242
5135	7124.112809	55.197637	16.467967	-0.001188	38.567958
5137	7126.188298	55.135424	16.349775	0.004425	39.531429
5139	7128.263096	55.090736	16.235221	0.010192	37.997926
5141	7130.337908	55.054240	16.111355	0.014790	38.596321
5145	7134.485872	54.852134	15.884306	0.023308	37.383945
5147	7136.560346	54.650334	15.774686	0.028143	39.440571
5149	7138.636011	54.580090	15.643473	0.029989	38.576944
5151	7140.711189	54.508981	15.519148	0.032685	37.550691
5153	7142.787322	54.525525	15.408304	0.036084	40.434490
5157	7146.935227	54.434224	15.219770	0.042704	39.712456
5159	7149.008837	54.414502	15.035595	0.046601	38.057582
5161	7151.081647	54.307376	14.892112	0.049165	39.841336
5163	7153.155179	54.221561	14.758467	0.052272	38.589394
5165	7155.229324	54.072704	14.635818	0.057172	37.721409
5169	7159.379765	53.971403	14.401076	0.066465	38.596217
5171	7161.453722	53.935514	14.245725	0.071346	38.338247
5173	7163.527273	53.844022	14.110874	0.075474	39.478278
5175	7165.601830	53.742495	13.986344	0.079086	38.683758
5177	7167.675835	53.609634	13.872862	0.082647	39.329609
5181	7171.826039	53.475716	13.664827	0.085740	39.198174
5183	7173.901108	53.402436	13.481872	0.089041	38.654014
5185	7175.975797	53.389711	13.348404	0.091989	39.996776
5187	7178.050446	53.344469	13.221249	0.095013	39.647967
5189	7180.123106	53.149664	13.066499	0.098840	38.968100
5193	7184.270063	53.061338	12.814627	0.102145	38.182537
5195	7186.342957	52.981452	12.627483	0.106658	39.305881
5197	7188.418231	52.877113	12.490827	0.110725	38.670307
5199	7190.492385	52.772277	12.345276	0.115231	37.751634
5201	7192.567022	52.770449	12.204247	0.118782	38.315376
5205	7196.715418	52.575049	11.940827	0.124695	38.815636
5207	7198.789122	52.507436	11.793107	0.128465	38.438093
5209	7200.864063	52.318319	11.621405	0.130136	38.466467
5211	7202.939234	52.266233	11.508698	0.131035	39.163808
5213	7205.013439	52.214347	11.362800	0.132766	38.771488
5217	7209.161979	52.161770	11.107474	0.137100	37.190172
5219	7211.234702	52.069464	10.919896	0.139369	36.580704
5221	7213.308301	51.983558	10.773337	0.141393	37.247167
5223	7215.381937	51.866536	10.617654	0.143648	38.575102
5225	7217.455465	51.773128	10.467712	0.146831	37.964817
5229	7221.604236	51.638922	10.185306	0.153257	37.104717
5231	7223.678803	51.578765	10.019964	0.156719	37.672479
5233	7225.752069	51.492469	9.862842	0.159248	37.803536
5235	7227.825525	51.397089	9.728561	0.161802	37.948792
5237	7229.899695	51.280734	9.583572	0.163556	37.328017
5241	7234.049089	51.105604	9.327035	0.165356	38.692571
5243	7236.123893	51.009344	9.169674	0.167062	37.899265
5245	7238.198435	51.036162	9.029752	0.168477	37.407803
5247	7240.271322	50.982031	8.904486	0.170021	36.967577
5251	7244.418089	50.806430	8.627429	0.172477	37.882028
5253	7246.490971	50.700514	8.431846	0.174876	36.464601
5255	7248.565330	50.583717	8.299278	0.177505	36.152908
5257	7250.639381	50.499345	8.138945	0.180398	35.686643
5259	7252.712913	50.435525	7.997920	0.183385	36.493524
